Epoch:10
mAP: 0.23257840501468627
AP_50: 0.4244602961164221
AP_75: 0.2280631196201843
AP_small: 0.016007834374707774
AP_m: 0.0615663013403192
AP_l: 0.313794707965248
Epoch:50
mAP: 0.2428876138569
AP_50: 0.4265339417008992
AP_75: 0.24127519493524438
AP_small: 0.018646056439945456
AP_m: 0.08471965646794823
AP_l: 0.32546656474791724
